
    STEP   DAMPING               NORMS              COMPUTATION TIMES
  IT SIT     GAMMA     ||d||     ||f||     ||U||   F(x)  DF(x)  SOLVE
   0                          5.70e-05  8.19e+03    0.4    0.0    0.0

 STEP      TIME        ||U||  LABEL  TYPE             U          alp
    0  00:00:04   8.1938e+03      1  EP      2.4227e+01   2.0944e-02
    1  00:00:14   8.1967e+03      2  FP      2.4207e+01   1.9942e-02
   10  00:01:02   8.2529e+03      3          2.5108e+01   9.9778e-03
   20  00:01:59   8.3346e+03      4          2.6245e+01   4.6487e-03
   30  00:02:51   8.4208e+03      5          2.7350e+01   1.4085e-03
   37  00:03:25   8.4759e+03      6  EP      2.8022e+01  -3.8702e-07

 STEP      TIME        ||U||  LABEL  TYPE             U          alp
    0  00:03:31   8.1938e+03      7  EP      2.4227e+01   2.0944e-02
   10  00:04:24   8.1519e+03      8          2.5041e+01   2.3009e-02
   20  00:05:22   8.0947e+03      9          2.5658e+01   2.1834e-02
   30  00:06:15   8.0340e+03     10          2.6006e+01   2.0628e-02
   40  00:06:57   7.9750e+03     11          2.6210e+01   1.9590e-02
   50  00:07:40   7.9196e+03     12          2.6338e+01   1.8674e-02
   60  00:08:25   7.8682e+03     13          2.6429e+01   1.7826e-02
   70  00:09:12   7.8195e+03     14          2.6503e+01   1.6990e-02
   80  00:09:59   7.7747e+03     15          2.6571e+01   1.6168e-02
   90  00:10:46   7.7342e+03     16          2.6639e+01   1.5360e-02
  100  00:11:33   7.6979e+03     17          2.6714e+01   1.4565e-02
  110  00:12:15   7.6653e+03     18          2.6796e+01   1.3780e-02
  120  00:12:57   7.6357e+03     19          2.6889e+01   1.2999e-02
  130  00:13:40   7.6084e+03     20          2.6994e+01   1.2214e-02
  140  00:14:22   7.5829e+03     21          2.7114e+01   1.1409e-02
  150  00:15:04   7.5584e+03     22          2.7257e+01   1.0567e-02
  160  00:15:46   7.5352e+03     23          2.7422e+01   9.6965e-03
  170  00:16:34   7.5130e+03     24          2.7617e+01   8.7841e-03
  180  00:17:20   7.4930e+03     25          2.7835e+01   7.8785e-03
  190  00:18:07   7.4717e+03     26          2.8127e+01   6.8158e-03
  200  00:18:51   7.4486e+03     27          2.8561e+01   5.4757e-03
  210  00:19:32   7.4300e+03     28          2.9096e+01   4.1310e-03
  220  00:20:24   7.4142e+03     29          3.0357e+01   1.8963e-03
  230  00:21:14   7.4190e+03     30          3.1240e+01   8.9310e-04
  240  00:21:57   7.4278e+03     31          3.1814e+01   4.2607e-04
  250  00:22:44   7.4382e+03     32          3.2296e+01   1.3019e-04
  257  00:23:19   7.4450e+03     33  EP      3.2561e+01  -3.0000e-08
